[gd_scene load_steps=4 format=3 uid="uid://daxusf40xmfpa"]

[ext_resource type="PackedScene" uid="uid://c0juyp2qu4f62" path="res://Scenes/Level.tscn" id="1_r150o"]

[sub_resource type="SphereShape3D" id="SphereShape3D_c1w88"]

[sub_resource type="SphereMesh" id="SphereMesh_r150o"]

[node name="Node3D" type="Node3D"]

[node name="DirectionalLight3D" type="DirectionalLight3D" parent="."]
transform = Transform3D(-0.8660254, -0.43301278, 0.25, 0, 0.49999997, 0.86602545, -0.50000006, 0.75, -0.43301266, 0, 0, 0)
shadow_enabled = true
shadow_blur = 1.103

[node name="Marble" type="RigidBody3D" parent="."]
transform = Transform3D(1, 0, 0, 0, 1, 0, 0, 0, 1, 0, 1.86326, 0)

[node name="CollisionShape3D" type="CollisionShape3D" parent="Marble"]
shape = SubResource("SphereShape3D_c1w88")

[node name="MeshInstance3D" type="MeshInstance3D" parent="Marble"]
mesh = SubResource("SphereMesh_r150o")

[node name="Camera3D" type="Camera3D" parent="."]
transform = Transform3D(1, 0, 0, 0, 0.8876065, 0.46060258, 0, -0.46060258, 0.8876065, -1.9073486e-06, 5.624366, 20.00241)

[node name="Level" parent="." instance=ExtResource("1_r150o")]
transform = Transform3D(1, 0, 0, 0, 0.7824454, -0.62271965, 0, 0.62271965, 0.7824454, 0, 0, 0)
